1
1023
1405
3
201910
Tom
1406
5
201910
Dude
1805
-1
201910
me
2401
8
201910
me
2402
0
201910
me
0
1
1024
1405
0
201910
me
1405
0
202010
me
2205
7
201920
you
1406
10
201930
him
1805
0
201940
her
0
1
1024
1405
0
201910
me
1405
0
202010
me
2205
7
201920
you
1406
10
201930
him
1805
0
201940
her
0
1
1024
1405
0
201910
me
1405
0
202010
me
2205
7
201920
you
1406
10
201930
him
1805
0
201940
her
0
1
1024
1405
0
201910
me
1405
0
202010
me
2205
7
201920
you
1406
10
201930
him
1805
0
201940
her
0
1
1032
1405
9
201910
me
1406
11
201910
me
1805
4
201910
me
2402
7
201910
me
2406
12
201910
me
2401
6
201910
me
2404
5
201910
me
0
1
1032
1405
9
201910
me
1406
11
201910
me
1805
4
201910
me
2402
7
201910
me
2406
12
201910
me
2401
6
201910
me
2404
5
201910
me
0
1
1032
1405
9
201910
me
1406
11
201910
me
1805
4
201910
me
2402
7
201910
me
2406
12
201910
me
2401
6
201910
me
2404
5
201910
me
0
1
1032
1405
9
201910
me
1406
11
201910
me
1805
4
201910
me
2402
7
201910
me
2406
12
201910
me
2401
6
201910
me
2404
5
201910
me
0
1
1032
1405
9
201910
me
1406
11
201910
me
1805
4
201910
me
2402
7
201910
me
2406
12
201910
me
2401
6
201910
me
2404
5
201910
you
2404
5
201910
me
0
1
1032
1405
9
201910
me
1406
11
201910
me
1805
4
201910
me
2402
7
201910
me
2406
12
201910
me
2401
6
201910
me
2404
5
201910
me
0
1
1032
1405
9
201910
me
1406
11
201910
me
1805
4
201910
me
2402
7
201910
him
2406
12
201910
me
2401
6
201910
me
2404
5
201910
me
0
1
1032
1405
9
201910
me
1406
11
201910
me
1805
4
201910
her
2402
7
201910
me
2406
12
201910
me
2401
6
201910
me
2404
5
201910
me
0
1
1032
1405
9
201910
rob
1406
11
201910
me
1805
4
201910
me
2402
7
201920
me
2406
12
201910
she
2401
6
201910
me
2404
5
201910
me
0
1
1032
1405
9
201920
me
1406
11
201910
me
1805
4
201910
me
2402
7
201910
not_me
2406
12
201910
apple
2401
6
201910
me
2404
5
201910
me
0
1
1032
1405
10
201930
me
1406
11
201910
her
1805
4
201910
me
2402
7
201910
me
2406
12
201910
me
2401
8
201910
me
2404
5
201910
what
0
1
1032
1405
9
201910
me
1406
11
201910
me
1805
4
201910
me
2402
7
201910
me
2406
12
201910
me
2401
6
201910
me
2404
5
201910
me
0
1
1032
1405
9
201910
me
1406
11
201910
he
1805
9
201910
me
2402
7
201910
me
2406
12
201910
me
2401
6
201910
me
2404
5
201910
who?
0
1
1032
1405
9
201910
me
1406
11
201910
me
1805
4
201910
me
2402
7
201910
not_me
2406
12
201910
me
2401
6
201910
me
2404
9
201910
me
0
1
1032
1405
9
201910
me
1406
11
201910
me
1805
4
201910
me
2402
7
201910
me
2406
12
201910
me
2401
6
201910
me
2404
5
201910
me
0
1
1032
1405
12
201910
Daft_Punk
1406
12
201910
me
1805
4
201910
me
2402
7
201910
him
2406
12
201910
me
2401
6
201910
you
2404
5
201910
me
0
0
0
